0.2	104.113
0.205	104.829
0.21	105.537
0.215	106.238
0.22	106.934
0.225	107.627
0.23	108.318
0.235	109.01
0.24	109.705
0.245	110.404
0.25	111.109
0.255	111.824
0.26	112.551
0.265	113.293
0.27	114.053
0.275	114.835
0.28	115.642
0.285	116.48
0.29	117.353
0.295	118.268
0.3	119.231
0.305	120.25
0.31	121.334
0.315	122.493
0.32	123.74
0.325	125.091
0.33	126.561
0.335	128.172
0.34	129.949
0.345	131.922
0.35	134.127
0.355	136.611
0.36	139.428
0.365	142.647
0.37	146.355
0.375	150.66
0.38	155.7
0.385	161.654
0.39	168.748
0.395	177.28
0.4	187.635
0.405	200.322
0.41	216.002
0.415	235.533
0.42	260.007
0.425	290.74
0.43	329.171
0.435	376.501
0.44	432.852
0.445	495.766
0.45	558.385
0.455	609.108
0.46	635.342
0.465	630.724
0.47	599.273
0.475	551.902
0.48	499.64
0.485	449.778
0.49	405.717
0.495	368.327
0.5	337.22
0.505	311.546
0.51	290.382
0.515	272.889
0.52	258.363
0.525	246.232
0.53	236.041
0.535	227.427
0.54	220.104
0.545	213.847
0.55	208.472
0.555	203.835
0.56	199.819
0.565	196.329
0.57	193.286
0.575	190.627
0.58	188.298
0.585	186.256
0.59	184.464
0.595	182.89
0.6	181.508
0.605	180.296
0.61	179.234
0.615	178.306
0.62	177.499
0.625	176.798
0.63	176.195
0.635	175.679
0.64	175.242
0.645	174.877
0.65	174.578
0.655	174.339
0.66	174.155
0.665	174.022
0.67	173.936
0.675	173.894
0.68	173.891
0.685	173.926
0.69	173.995
0.695	174.098
0.7	174.23
0.705	174.392
0.71	174.58
0.715	174.794
0.72	175.032
0.725	175.293
0.73	175.576
0.735	175.879
0.74	176.203
0.745	176.546
0.75	176.907
0.755	177.286
0.76	177.682
0.765	178.095
0.77	178.524
0.775	178.969
0.78	179.43
0.785	179.906
0.79	180.396
0.795	180.902
0.8	181.422
0.805	181.957
0.81	182.506
0.815	183.069
0.82	183.647
0.825	184.24
0.83	184.847
0.835	185.468
0.84	186.104
0.845	186.755
0.85	187.421
0.855	188.102
0.86	188.799
0.865	189.511
0.87	190.239
0.875	190.984
0.88	191.746
0.885	192.524
0.89	193.32
0.895	194.134
0.9	194.966
0.905	195.817
0.91	196.687
0.915	197.577
0.92	198.487
0.925	199.419
0.93	200.372
0.935	201.347
0.94	202.345
0.945	203.367
0.95	204.413
0.955	205.485
0.96	206.582
0.965	207.706
0.97	208.857
0.975	210.036
0.98	211.245
0.985	212.484
0.99	213.754
0.995	215.056
1	216.391
1.005	217.76
1.01	219.164
1.015	220.604
1.02	222.081
1.025	223.596
1.03	225.15
1.035	226.745
1.04	228.381
1.045	230.06
1.05	231.782
1.055	233.55
1.06	235.363
1.065	237.223
1.07	239.131
1.075	241.089
1.08	243.096
1.085	245.155
1.09	247.266
1.095	249.431
1.1	251.649
1.105	253.922
1.11	256.25
1.115	258.634
1.12	261.075
1.125	263.573
1.13	266.129
1.135	268.741
1.14	271.411
1.145	274.138
1.15	276.922
1.155	279.763
1.16	282.658
1.165	285.608
1.17	288.612
1.175	291.666
1.18	294.771
1.185	297.922
1.19	301.119
1.195	304.359
1.2	307.637
1.205	310.951
1.21	314.297
1.215	317.67
1.22	321.066
1.225	324.481
1.23	327.908
1.235	331.343
1.24	334.778
1.245	338.208
1.25	341.627
1.255	345.026
1.26	348.4
1.265	351.741
1.27	355.041
1.275	358.293
1.28	361.489
1.285	364.621
1.29	367.682
1.295	370.664
1.3	373.559
1.305	376.362
1.31	379.064
1.315	381.659
1.32	384.141
1.325	386.504
1.33	388.744
1.335	390.855
1.34	392.833
1.345	394.675
1.35	396.378
1.355	397.939
1.36	399.358
1.365	400.633
1.37	401.764
1.375	402.752
1.38	403.598
1.385	404.302
1.39	404.868
1.395	405.298
1.4	405.595
1.405	405.764
1.41	405.807
1.415	405.731
1.42	405.538
1.425	405.235
1.43	404.826
1.435	404.318
1.44	403.715
1.445	403.023
1.45	402.247
1.455	401.394
1.46	400.469
1.465	399.478
1.47	398.425
1.475	397.317
1.48	396.158
1.485	394.953
1.49	393.708
1.495	392.427
1.5	391.115
1.505	389.775
1.51	388.412
1.515	387.029
1.52	385.632
1.525	384.222
1.53	382.803
1.535	381.378
1.54	379.95
1.545	378.522
1.55	377.096
1.555	375.675
1.56	374.26
1.565	372.853
1.57	371.457
1.575	370.072
1.58	368.701
1.585	367.345
1.59	366.004
1.595	364.681
1.6	363.376
1.605	362.089
1.61	360.823
1.615	359.576
1.62	358.351
1.625	357.147
1.63	355.965
1.635	354.806
1.64	353.669
1.645	352.556
1.65	351.465
1.655	350.398
1.66	349.354
1.665	348.334
1.67	347.337
1.675	346.364
1.68	345.415
1.685	344.489
1.69	343.586
1.695	342.707
1.7	341.85
1.705	341.017
1.71	340.207
1.715	339.42
1.72	338.655
1.725	337.912
1.73	337.192
1.735	336.493
1.74	335.816
1.745	335.161
1.75	334.527
1.755	333.914
1.76	333.322
1.765	332.751
1.77	332.2
1.775	331.669
1.78	331.157
1.785	330.666
1.79	330.194
1.795	329.741
1.8	329.307
1.805	328.892
1.81	328.495
1.815	328.117
1.82	327.756
1.825	327.414
1.83	327.089
1.835	326.781
1.84	326.491
1.845	326.217
1.85	325.961
1.855	325.721
1.86	325.497
1.865	325.289
1.87	325.098
1.875	324.922
1.88	324.762
1.885	324.617
1.89	324.487
1.895	324.373
1.9	324.273
1.905	324.188
1.91	324.117
1.915	324.061
1.92	324.019
1.925	323.991
1.93	323.977
1.935	323.976
1.94	323.99
1.945	324.016
1.95	324.055
1.955	324.108
1.96	324.173
1.965	324.252
1.97	324.342
1.975	324.446
1.98	324.561
1.985	324.688
1.99	324.828
1.995	324.979
2	325.142
2.005	325.316
2.01	325.502
2.015	325.699
2.02	325.907
2.025	326.126
2.03	326.355
2.035	326.595
2.04	326.846
2.045	327.107
2.05	327.377
2.055	327.658
2.06	327.948
2.065	328.249
2.07	328.558
2.075	328.877
2.08	329.205
2.085	329.541
2.09	329.887
2.095	330.241
2.1	330.603
2.105	330.974
2.11	331.353
2.115	331.739
2.12	332.133
2.125	332.535
2.13	332.944
2.135	333.36
2.14	333.783
2.145	334.213
2.15	334.649
2.155	335.091
2.16	335.54
2.165	335.994
2.17	336.454
2.175	336.919
2.18	337.39
2.185	337.865
2.19	338.346
2.195	338.831
2.2	339.32
2.205	339.813
2.21	340.31
2.215	340.811
2.22	341.315
2.225	341.822
2.23	342.333
2.235	342.845
2.24	343.361
2.245	343.878
2.25	344.397
2.255	344.918
2.26	345.441
2.265	345.964
2.27	346.488
2.275	347.013
2.28	347.539
2.285	348.064
2.29	348.59
2.295	349.115
2.3	349.639
2.305	350.162
2.31	350.685
2.315	351.205
2.32	351.725
2.325	352.242
2.33	352.757
2.335	353.269
2.34	353.779
2.345	354.286
2.35	354.79
2.355	355.29
2.36	355.786
2.365	356.279
2.37	356.767
2.375	357.251
2.38	357.731
2.385	358.205
2.39	358.675
2.395	359.139
2.4	359.597
2.405	360.05
2.41	360.497
2.415	360.938
2.42	361.372
2.425	361.8
2.43	362.221
2.435	362.635
2.44	363.042
2.445	363.441
2.45	363.834
2.455	364.218
2.46	364.595
2.465	364.965
2.47	365.326
2.475	365.679
2.48	366.023
2.485	366.359
2.49	366.687
2.495	367.006
2.5	367.317
2.505	367.618
2.51	367.911
2.515	368.195
2.52	368.469
2.525	368.735
2.53	368.991
2.535	369.239
2.54	369.477
2.545	369.706
2.55	369.925
2.555	370.135
2.56	370.336
2.565	370.528
2.57	370.71
2.575	370.883
2.58	371.047
2.585	371.201
2.59	371.346
2.595	371.482
2.6	371.609
2.605	371.726
2.61	371.835
2.615	371.934
2.62	372.025
2.625	372.107
2.63	372.18
2.635	372.244
2.64	372.3
2.645	372.347
2.65	372.385
2.655	372.416
2.66	372.438
2.665	372.452
2.67	372.457
2.675	372.455
2.68	372.446
2.685	372.428
2.69	372.403
2.695	372.37
2.7	372.331
2.705	372.284
2.71	372.23
2.715	372.169
2.72	372.101
2.725	372.027
2.73	371.946
2.735	371.859
2.74	371.766
2.745	371.667
2.75	371.562
2.755	371.451
2.76	371.334
2.765	371.212
2.77	371.085
2.775	370.953
2.78	370.815
2.785	370.673
2.79	370.526
2.795	370.375
2.8	370.219
2.805	370.058
2.81	369.894
2.815	369.726
2.82	369.553
2.825	369.377
2.83	369.198
2.835	369.015
2.84	368.829
2.845	368.64
2.85	368.447
2.855	368.252
2.86	368.054
2.865	367.854
2.87	367.651
2.875	367.445
2.88	367.238
2.885	367.028
2.89	366.817
2.895	366.603
2.9	366.388
2.905	366.171
2.91	365.953
2.915	365.733
2.92	365.512
2.925	365.29
2.93	365.067
2.935	364.843
2.94	364.618
2.945	364.392
2.95	364.166
2.955	363.939
2.96	363.712
2.965	363.484
2.97	363.256
2.975	363.028
2.98	362.8
2.985	362.571
2.99	362.343
2.995	362.115
3	361.887
3.005	361.659
3.01	361.432
3.015	361.206
3.02	360.979
3.025	360.754
3.03	360.529
3.035	360.304
3.04	360.081
3.045	359.858
3.05	359.636
3.055	359.416
3.06	359.196
3.065	358.977
3.07	358.759
3.075	358.543
3.08	358.328
3.085	358.114
3.09	357.901
3.095	357.689
3.1	357.479
3.105	357.271
3.11	357.064
3.115	356.858
3.12	356.654
3.125	356.452
3.13	356.251
3.135	356.051
3.14	355.854
3.145	355.658
3.15	355.464
3.155	355.271
3.16	355.08
3.165	354.891
3.17	354.704
3.175	354.519
3.18	354.335
3.185	354.154
3.19	353.974
3.195	353.796
3.2	353.62
3.205	353.446
3.21	353.274
3.215	353.104
3.22	352.936
3.225	352.77
3.23	352.605
3.235	352.443
3.24	352.283
3.245	352.124
3.25	351.968
3.255	351.814
3.26	351.661
3.265	351.511
3.27	351.363
3.275	351.216
3.28	351.072
3.285	350.93
3.29	350.789
3.295	350.651
3.3	350.515
3.305	350.38
3.31	350.248
3.315	350.117
3.32	349.989
3.325	349.862
3.33	349.738
3.335	349.615
3.34	349.494
3.345	349.375
3.35	349.259
3.355	349.144
3.36	349.03
3.365	348.919
3.37	348.81
3.375	348.702
3.38	348.597
3.385	348.493
3.39	348.391
3.395	348.29
3.4	348.192
3.405	348.095
3.41	348
3.415	347.907
3.42	347.815
3.425	347.725
3.43	347.637
3.435	347.551
3.44	347.466
3.445	347.383
3.45	347.301
3.455	347.221
3.46	347.142
3.465	347.065
3.47	346.99
3.475	346.916
3.48	346.843
3.485	346.772
3.49	346.702
3.495	346.634
3.5	346.567
